0.0273832157
0.07347031
0.02295814
0.08168757
0.0457675271
0.0758113
0.0328380466
0.08602584
0.0371563956
0.08353975
0.03841579
0.112913907
0.0537845
0.08295606
0.0264360867
0.05852397
0.031063199
0.0524059273
0.0339410156
0.05576581
0.0226542074
0.08864708
0.0241266862
0.02838272
0.008323442
0.0534666777
0.0190091562
0.0419096276
0.0215507448
0.0206952021
0.020242935
0.03834608
-0.008647681
0.0268460941
0.014234974
0.0333108678
0.0123586953
0.0352452248
0.0103372587
0.03575353
-0.009749048
0.0030494018
-0.0325219035
0.03727095
-0.00468715141
0.000364120817
-0.0007929117
0.0134954778
-0.0302139875
0.00861900952
-0.0191085245
-0.000558973057
-0.0300725941
0.00220000581
-0.0190357137
-0.00234452146
-0.03810994
0.00584660843
-0.0393110029
0.0102005266
-0.0490724668
-0.00439403858
-0.07204239
0.00469033746
-0.0712489
0.0215840545
-0.1168914
0.0172630232
-0.08390937
0.03474178
-0.09278671
0.05693408
-0.0704718754
0.0376212932
-0.109912269
0.0445230454
-0.07963728
0.0296710525
-0.07308218
0.08094965
-0.0738201439
0.0567623
-0.0802170858
0.0548631549
-0.0913151
0.077341184
-0.0578610748
0.06877801
-0.06261876
0.0655337349
-0.0623768233
0.08215509
-0.0573863164
0.08060707
-0.06961373
0.0655394942
-0.06235021
0.0680626854
-0.0576075651
0.05398048
-0.06283306
0.06944902
-0.0456337146
0.0651034
-0.053076975
0.06797442
-0.0727296
0.07655758
-0.0260270834
0.05823025
-0.03985295
0.0716228038
-0.0428766869
0.06800994
-0.0304382369
0.09819349
-0.0197052881
0.08203979
-0.03999262
0.0703653
-0.01740425
0.0506736375
-0.04241869
0.04809945
-0.04443258
0.04909108
-0.0332918
0.0403682478
-0.0102537638
0.05821471
-0.009833895
0.07100522
-0.0207032841
0.0389425941
-0.00724003557
0.0519740321
-0.00155077258
0.04735066
-0.033403866
0.04879135
-0.0185966045
0.06678058
-0.0145200221
0.04181847
-0.0391526446
0.0406630933
-0.0428910032
0.0499064177
-0.0197919179
0.04856707
-0.04558484
0.0505571328
-0.01576854
0.0417619273
-0.01896236
0.0119326869
-0.05414198
0.0183559265
-0.0262703728
0.0004050833
-0.0615185648
0.0028011112
-0.0319331437
-0.018242294
-0.059092734
-0.0136270989
-0.0392896049
-0.0111453673
-0.0438874066
0.00312816817
-0.0484023653
-0.0118949134
-0.0406279266
-0.008594002
-0.04367189
-0.0406972
-0.06364916
-0.014370692
-0.06724698
-0.02775029
-0.0428598374
0.007455068
-0.02918838
-0.0132864583
-0.06763067
-0.031847652
-0.05470662
-0.0167397764
-0.0520893931
-0.0464928076
-0.07968387
-0.04542162
-0.03803413
-0.00668358849
-0.0730241239
-0.0277017318
-0.06460853
-0.0236026216
-0.0567047223
-0.049599
-0.0950517952
-0.044594422
-0.08480283
-0.0225366056
-0.089789
-0.0545871146
-0.08448182
-0.03915059
-0.09787149
-0.03721425
-0.08464001
-0.05574096
-0.07923364
-0.0161325689
-0.09377745
-0.0293479785
-0.101370946
-0.03132819
-0.110991217
-0.0202493016
-0.111031979
-0.0293974075
-0.111296423
-0.0301541016
-0.112860695
-0.002050519
-0.122394778
-0.00561236124
-0.109670453
-0.0129857464
-0.103148751
-0.03270322
-0.07731584
-0.0114999907
-0.106109127
-0.0108426334
-0.0820438
-0.0131668691
-0.09076565
0.0105852252
-0.093339324
-0.0172273479
-0.100145
0.00168885593
-0.0920769
-0.0116769448
-0.07968919
-0.0195777938
-0.09244321
0.0165250786
-0.08032963
0.0112440651
-0.09872596
-0.003974107
-0.106667794
0.015388676
-0.110394962
0.0018505872
-0.09882562
-0.0213686
-0.122870214
0.00136257068
-0.1172566
0.00138958928
-0.104984269
0.006131033
-0.1036296
0.00157703971
-0.08703379
-0.0191706028
-0.104326166
-0.0548959523
-0.123625621
-0.0246646572
-0.113667026
-0.0353682078
-0.07833951
-0.0286182389
-0.0948025361
-0.04017549
-0.07761658
-0.045434054
-0.0915805548
-0.028214341
-0.08297278
-0.047892157
-0.09656686
-0.0304773021
-0.06603269
-0.05810566
-0.08752188
-0.0217468645
-0.0874690339
-0.0323403068
-0.115745284
-0.04791557
-0.09293992
-0.00206252187
-0.11454051
-0.0003810794
-0.119468369
0.0229514968
-0.167672053
-0.03500965
-0.168676734
0.00103861373
-0.1024584
0.00304125482
-0.120451413
-0.0178542454
-0.123908237
-0.0224065948
-0.113331206
0.04022067
-0.08240716
0.0217634477
-0.0877883658
0.007986943
-0.105404936
-0.0313792825
-0.09540749
-0.011435912
-0.04649071
0.0258288383
-0.098425135
-0.00603133859
-0.06435048
0.0185594764
-0.10055238
-0.0273153223
-0.0536721051
0.009052921
-0.08714636
-0.0684667751
-0.14366284
-0.0605525337
-0.106867731
-0.0318898819
-0.08998534
-0.0101935538
-0.1213297
-0.099456355
-0.130268931
-0.039755825
-0.107934959
-0.0441660546
-0.09656271
-0.0552111156
-0.125335753
-0.08001134
-0.128740892
-0.08655241
-0.17702572
-0.06299361
-0.137001634
-0.0441173837
-0.131998509
-0.0440753177
-0.140833169
-0.07327723
-0.120837145
-0.0588536672
-0.1332536
-0.0554698072
-0.132965371
-0.0282927826
-0.154754564
0.0005250035
-0.134669438
-0.02530602
-0.146474868
-0.0278743729
-0.12169902
-0.0255192053
-0.129933283
-0.0538801737
-0.100666985
-0.06993735
-0.130352184
-0.0254743118
-0.116528988
-0.00553930365
-0.141827419
-0.0560443774
-0.17089124
-0.0534124
-0.164293945
-0.05695151
-0.175336778
-0.0134556638
-0.172777653
0.011236893
-0.162602872
-0.0229848828
-0.197633341
0.0246169381
-0.1902945
0.0136323869
-0.189263642
0.007178782
-0.1812259
0.01645319
-0.194088474
0.0302046631
-0.176370531
0.0242097676
-0.171428949
0.0271950345
-0.174352512
0.05175088
-0.196084261
0.00443517929
-0.1510986
-0.00213111215
-0.1963862
0.03949468
-0.17988281
0.0293259677
-0.1852325
0.0189259239
-0.167582884
-0.007280228
-0.167880461
0.0179807525
-0.152180254
0.008233907
-0.135583892
0.02104803
-0.161628366
0.03863195
-0.154322073
-0.006026949
-0.114012159
0.0217561722
-0.111725993
0.0119324448
-0.151064172
0.00192658708
-0.133802772
0.00279714051
-0.127430782
0.0172232054
-0.175902739
0.009588173
-0.154590636
0.0302659515
-0.134264082
0.02452198
-0.1305757
0.05119405
-0.111316018
0.02918996
-0.121733762
0.0391294062
-0.140202209
0.06461947
-0.09592046
0.0374691971
-0.1327623
0.05047865
-0.08668595
0.0124257635
-0.123789
0.0432235971
-0.0985182151
0.06704113
-0.144880727
0.0333685577
-0.108379163
0.014443377
-0.09696453
0.0215070918
-0.07220625
0.023825055
-0.0548531078
0.008628317
-0.041177433
0.0241626259
-0.08770354
0.0441338643
-0.06349158
-0.00174032256
-0.1085702
-0.0101606324
-0.09525448
0.0103606721
-0.05834821
-0.00773694366
-0.101235315
-0.008707973
-0.04777379
0.0158982668
-0.11435876
0.05774935
-0.11693316
0.002623327
-0.109861061
-0.0222053286
-0.0533200577
-0.02000447
-0.1051119
-0.000233854254
-0.07153068
0.04574739
-0.0238478668
0.008015781
-0.0547429323
-0.015364618
-0.0641303
-0.017108
-0.044936
-0.00176203856
-0.08338588
0.04888862
-0.03367946
0.0224369317
-0.05729355
0.0254088547
-0.0417712964
0.036535643
0.00336805661
-0.009777886
-0.01125884
0.003458208
-0.046654705
0.03294632
-0.03962857
-0.000290950673
-0.012852421
0.00163639942
-0.03076332
-0.00120241463
0.0178722683
-0.0112617016
-0.0200551078
-0.00220477
-0.00736715831
-0.0159819219
-0.0275372881
-0.0178202968
-0.0359881073
0.0297301281
-0.008790578
-0.0338189341
0.00509321
-0.0305265225
-0.0234335177
-0.02472101
-0.00922951
-0.07177281
-0.02927288
-0.04623776
-0.01586522
-0.07052912
-0.047710944
-0.09928729
0.005568071
-0.0540077873
-0.002814919
-0.0594270937
0.0199861024
-0.08341645
0.002546072
-0.06773808
0.02061526
-0.06169181
-0.009937355
-0.08524594
-0.007850823
-0.0597905032
-0.0392917022
-0.05438265
-0.0469838977
-0.05783578
-0.00705527049
-0.08172086
-0.006581764
-0.0939273462
-0.0236467868
-0.08751885
-0.0610724725
-0.07747256
-0.0609274581
-0.09690997
-0.0215475485
-0.08038524
-0.0121206
-0.127893314
-0.06045194
-0.106710643
0.0225491934
-0.08138801
-0.04219179
-0.06742472
-0.0309303887
-0.112620123
-0.0349815674
-0.07044595
-0.0220672116
-0.0779086351
-0.0360202566
-0.0708749741
-0.0724833161
-0.0735040158
-0.04454707
-0.057958588
-0.04589584
0.00239607529
-0.0204737838
-0.0153973633
-0.0160168
-0.0416027568
-0.0192450546
-0.0381016321
-0.0329880454
-0.0378460959
-0.009618695
-0.009062917
-0.009523932
-0.0548890159
-0.007647879
-0.0331389159
0.0179565772
-0.017565731
0.021291703
-0.0344200581
0.00907475
-0.0056875227
0.0369462781
-0.0218676683
0.02948216
-0.01578252
0.03466191
-0.0166609231
0.0438936651
-0.03516017
0.007595673
-0.07472742
0.07042089
-0.0534779355
0.0358685665
-0.0216153748
0.05289339
-0.09251373
0.04313237
-0.112196542
0.0496457256
-0.08113748
0.051792834
-0.112475112
0.0347659327
-0.112611078
0.0404448062
-0.120960839
0.02833189
-0.1129521
0.0585709
-0.14555563
-0.0130019877
-0.127832562
0.0450170338
-0.159811616
0.00748608354
-0.140272141
-0.0212646648
-0.137523532
0.0214408
-0.09166873
0.008355791
-0.103011556
0.02400626
-0.120942838
0.03580885
-0.139628574
0.0130672324
-0.147613361
-0.0102431737
-0.100674525
0.0219100732
-0.100970045
0.0127958069
-0.107469343
-0.0183309764
-0.125556052
-0.000894395
-0.082902424
-0.0152602084
-0.10010311
-0.0115457661
-0.06250377
-0.0153027652
-0.05705365
-0.00514452765
-0.0753792
0.0169779453
-0.09486826
-0.0053684283
-0.0530494824
0.00232416438
-0.07182883
0.01961624
-0.0453619435
0.009681545
-0.0606692061
0.0259394
-0.0782480761
0.03727728
-0.0570269749
0.03564678
-0.08446596
0.0263915621
-0.09611625
0.0402053855
-0.100500688
0.0243888628
-0.127978921
0.0264772773
-0.1076587
0.0749839544
-0.100331791
0.0380618162
-0.08997881
0.0360745676
-0.127485424
0.038924288
-0.1194077
0.0399527028
-0.11732287
0.0545534119
-0.1463991
0.0480614863
-0.145319343
0.0171089433
-0.165270746
0.0469074622
-0.1582652
0.0221091956
-0.15025416
0.00572490459
-0.173808724
0.0189305358
-0.178753838
0.005804863
-0.164064512
-0.0185059626
-0.163877383
-0.03765372
-0.173623487
-0.0279284511
-0.167339131
-0.04019738
-0.148363277
-0.0563751273
-0.153326258
-0.0184968561
-0.150199965
-0.04051636
-0.168435827
-0.05658516
-0.149345666
-0.0310320575
-0.158372715
0.001695595
-0.198239028
-0.0432752147
-0.154478163
-0.0229652766
-0.127340108
-0.0572251752
-0.144392326
-0.0493550226
-0.156962872
-0.0538456626
-0.1523127
-0.03126111
-0.148764133
-0.06965794
-0.145151243
-0.067803435
-0.15552327
-0.0525727272
-0.141710609
-0.075561665
-0.150047317
-0.07815034
-0.1616504
-0.08380614
-0.133048579
-0.08677276
-0.124647409
-0.0657386854
-0.12342222
-0.109523334
-0.1208919
-0.09731846
-0.121594593
-0.09135423
-0.106804289
-0.106275946
-0.131583691
-0.113757335
-0.106496826
-0.0964966
-0.100593865
-0.1309932
-0.100534111
-0.124376558
-0.119064383
-0.09675672
-0.09776987
-0.12782523
-0.0953344554
-0.1038584
-0.09191963
-0.10167563
-0.09157952
-0.103049032
-0.08231732
-0.0841591
-0.0863224342
-0.101671629
-0.0732850954
-0.102171153
-0.0788331
-0.08593145
-0.05790725
-0.0960292146
-0.06229873
-0.1068141
-0.07367272
-0.0920959041
-0.0480853245
-0.09323191
-0.05237982
-0.0754316151
-0.05464881
-0.06724016
-0.0503074527
-0.07251005
-0.03623617
-0.05663543
-0.0583286621
-0.08579006
-0.0426321439
-0.0693021
-0.0404642932
-0.06113014
-0.04323975
-0.07989002
-0.0480003469
-0.0644643456
-0.0478838459
-0.0459598973
-0.0353067368
-0.03811581
-0.03305073
-0.0458592065
-0.0335681029
-0.05242303
-0.02985807
-0.0291628391
-0.0500814654
-0.0296766367
-0.00205584941
-0.0428501479
-0.0495351255
-0.0261758864
-0.03537365
-0.0259451363
-0.06298159
-0.0346760154
-0.03929401
-0.0148452567
-0.0601209961
-0.0216937568
-0.0428876765
-0.0255596638
-0.04174437
-0.00169300742
-0.03993166
-0.018825395
-0.0543728471
-0.030061787
-0.0300371945
-0.0116939079
-0.0411776267
-0.0141954487
-0.0462197848
-0.03826554
-0.0381207131
-0.017526703
-0.0557584129
-0.03278247
-0.0420209765
-0.0254773274
-0.03134446
-0.00378041575
-0.0263553988
-0.0151853049
-0.038330134
-0.0167000052
-0.03421057
0.0103618819
-0.0158769879
0.00611540955
-0.06709383
0.00472843647
-0.0399569236
0.0264142677
-0.02575919
0.0299096256
-0.0517060757
0.0249523167
-0.0491162539
-0.02027499
-0.0392666757
0.009061994
-0.03057291
0.0144704822
-0.0384789221
0.00493741548
-0.0221430771
0.0131208347
-0.0246487428
0.00111741934
-0.03558792
0.0199750513
-0.0359137543
0.0299273375
-0.0290963463
0.0398706235
-0.05605939
0.0350131355
-0.0546451174
0.0347604938
-0.030220706
0.0353815369
-0.0522866361
0.0479926728
-0.04145943
0.05595666
-0.0453494526
0.0622230954
-0.0403460823
0.062097542
-0.0480584055
0.0502132326
-0.07025794
0.046508316
-0.0388437249
0.0625746548
-0.0674528554
0.0904334858
-0.0408309065
0.08681359
-0.053505
0.07238488
-0.06855246
0.0915991962
-0.08883741
0.07648834
-0.0676268339
0.068001546
-0.0840038359
0.07332858
-0.0926761
0.0974138
-0.08902965
0.0861684754
-0.0712173954
0.0569212064
-0.08912779
0.0889656246
-0.08658696
0.0814354047
-0.104017727
0.08963603
-0.103803962
0.06949959
-0.0934679955
0.08401822
-0.09375164
0.0983639359
-0.126238927
0.0829183459
-0.100541823
0.074910216
-0.119687654
0.07915213
-0.120721966
0.07365942
-0.136742651
0.0839847848
-0.137395784
0.08871402
-0.143139184
0.0603113063
-0.118122123
0.0645024
-0.1290537
0.0563714579
-0.146363735
0.077913776
-0.14310813
0.07490985
-0.165410832
0.0554491654
-0.16153349
0.0408081338
-0.147606015
0.03724134
-0.1392779
0.03149688
-0.129274815
0.0292163566
-0.1410286
0.0267928783
-0.1362519
0.0366628729
-0.124087505
0.04593066
-0.119264528
0.0474441275
-0.117813848
0.0310332328
-0.1351213
0.0309746955
-0.120309606
0.0182587821
-0.129429981
0.009755909
-0.133558989
0.0280891918
-0.119773
0.0310109556
-0.113860279
0.0242698584
-0.116064891
0.0218750723
-0.112646371
0.0233553965
-0.0970877558
0.0166066885
-0.113260739
0.0117760729
-0.116769642
0.02309831
-0.103934929
0.0182081386
-0.113424927
0.03049903
-0.09591666
0.0197568629
-0.116437308
0.007886291
-0.119323626
0.03343519
-0.115297534
-0.000220493821
-0.107123591
0.0114931054
-0.11473766
0.01651217
-0.10120213
0.0183677729
-0.101291291
0.00420779735
-0.110002078
0.008992339
-0.0855712444
0.00354443374
-0.0908313543
0.003903316
-0.0951276347
0.0210006069
-0.0823159739
0.006525665
-0.104260668
0.0107504977
-0.09517925
0.0317756645
-0.0787644461
0.0141333239
-0.0824389458
0.0190402884
-0.0909897462
0.0346494839
-0.0904631242
0.0503861755
-0.07962514
0.0286732838
-0.06762071
0.03666155
-0.0772379339
0.0287506767
-0.074074246
0.05264479
-0.0986245349
0.0646443442
-0.0832293
0.05262408
-0.08422373
0.06096261
-0.0909037963
0.0549018756
-0.0878188
0.0522342622
-0.09476418
0.07500773
-0.0939551
0.07257862
-0.109990448
0.04352031
-0.105866492
0.056555938
-0.0834279358
0.04949708
-0.0875520557
0.07068781
-0.09116684
0.05335723
-0.106378891
0.04777769
-0.125416487
0.04518567
-0.13219367
0.04839761
-0.138667032
0.0456090756
-0.105910614
0.035726402
-0.1379623
0.0422630757
-0.131895214
0.0311903115
-0.120050773
0.0597860776
-0.11795149
0.050495252
-0.101749964
0.0327200256
-0.1072698
0.0434835
-0.114631392
0.0322895646
-0.112997875
0.0636666641
-0.120617077
0.031701047
-0.120070785
0.0321285054
-0.10214562
0.03528798
-0.103172675
0.0268503949
-0.124101751
0.0215901863
-0.118512996
0.03148382
-0.1076475
0.0344289839
-0.1314496
0.0245289188
-0.1156272
0.0399479978
-0.121435821
0.02009869
-0.133161515
0.039666906
-0.139378548
0.02916037
-0.145069182
0.02269333
-0.132924855
0.01495822
-0.130046651
0.0185151957
-0.1356068
0.01760406
-0.107929245
0.008764616
-0.133607864
-0.010231168
-0.112167865
-0.0105280811
-0.106477678
-0.009928757
-0.10953977
-0.007168086
-0.120517567
-0.0137915565
-0.09428244
-0.005187038
-0.0976200551
-0.000857105246
-0.0591561571
-0.05417151
-0.113229893
0.01172888
-0.08766869
0.00508513348
-0.0973225459
-0.008426762
-0.0967012942
-0.01203281
-0.102207117
0.0250923727
-0.0961139351
-0.0288940612
-0.05680394
-0.0068479185
-0.07427642
0.0181404948
-0.104604445
0.002353594
-0.07041501
-0.00409306
-0.09085091
0.0176661313
-0.0585363321
-0.00237415824
-0.09610386
0.00268042763
-0.08279689
0.006052131
-0.07569955
-0.029651057
-0.09022484
-0.03829274
-0.07611266
-0.0473579
-0.07115691
-0.04213297
-0.0604940243
-0.0437955037
-0.07078272
-0.06081095
-0.0629652962
-0.009535008
-0.0614432767
-0.0213226732
-0.0217449516
-0.0262149647
-0.0219639372
0.0197729915
-0.05422611
-0.00578917935
-0.0411966741
0.0102820611
-0.0367324166
0.0133962659
-0.0285976827
-0.00232687918
-0.0269333329
0.00608406728
-0.0391421169
0.009080154
-0.0299473535
-0.0255158041
-0.0410689674
0.0109078009
-0.0317677371
-0.006883064
-0.02580894
0.0189623851
-0.030196676
0.00449113641
-0.009111602
0.0261285584
-0.02180014
0.006194706
0.00275124912
0.0152748581
0.000339811842
0.0248963833
-0.009854183
0.0221882146
0.0194774419
-0.00261426624
0.0206048526
0.0371888764
-0.0145770852
0.0466322266
-0.006155007
0.038780205
0.0203385968
0.0424844138
-0.033735007
0.0407317244
0.005384533
0.05370133
4.31556364E-05
0.033451017
-0.009629546
0.03251203
0.00720857037
0.0181657
0.02920727
0.0259088818
0.0174979512
0.0624237247
0.00172443816
0.0403183028
0.0170129333
0.062045902
-0.000567590236
0.05687359
-0.008784324
0.04740461
-0.0155860772
0.0591864176
-0.0169839151
0.06465558
-0.02356812
0.037076395
-0.008298709
0.06101825
-0.0181195457
0.0511229038
-0.00342948386
0.0717520341
-0.00323208468
0.05010791
0.0240450017
0.06357981
0.0142263426
0.0661901
0.0167536568
0.08442987
0.008728595
0.0968726
0.007814895
0.08820021
-0.00614855764
0.09066796
0.00137388182
0.0958080962
-0.01458055
0.09398744
0.009136227
0.106598288
-0.0315720625
0.107217513
-0.0205932036
0.09259957
-0.05636434
0.104795873
-0.0472117662
0.114057206
-0.0525665246
0.10318169
-0.0220341012
0.0824838355
-0.038833905
0.08754577
-0.0278597549
0.0567452572
-0.0391461179
0.09125079
-0.020238515
0.07497978
-0.0327069536
0.08578991
-0.03888524
0.0934157
-0.0244471058
0.0563390628
-0.0235834885
0.06711835
-0.0241461527
0.0364044122
-0.007005508
0.0814318359
-0.005903954
0.0700779855
-0.000121547113
0.07007943
0.008079218
0.07638472
0.0219142046
0.08294831
0.000567509152
0.0544909462
0.0138619775
0.0779991448
0.02001862
0.09066126
-0.00612965
0.08522101
0.00733907148
0.115043506
0.0171287414
0.106477357
0.02571969
0.1200536
0.0214885958
0.134621367
0.00201316387
0.110943668
0.0257111844
0.134485468
-0.0322268531
0.11860165
0.0237429459
0.128135562
-0.00545864
0.149044618
-0.00754167745
0.142290309
-0.0203883648
0.133892164
-0.0038112055
0.131140217
-0.0235276986
0.146299839
-0.04120747
0.1396195
-0.03208825
0.136590555
-0.04815587
0.11872866
-0.03215015
0.12664558
-0.06557055
0.110547066
-0.0617828071
0.104724817
-0.0531152077
0.09582106
-0.0496963672
0.0942908
-0.0441737473
0.09539424
-0.0427694432
0.08227993
-0.04669603
0.09028304
-0.04870722
0.09222251
-0.0389513
0.06326495
-0.043688748
0.0710358247
-0.044612892
0.050833445
-0.0374816135
0.0529128537
-0.0279082842
0.06098232
-0.03548742
0.0411274359
-0.04215276
0.0451751575
-0.0171582364
0.0459396429
-0.0005673587
0.03190588
-0.0171247013
0.04118296
-0.02575042
0.0435907319
-0.0244458225
0.0684903041
-0.02512358
0.05108551
-0.0102579
0.0379563943
-0.0151261855
0.0425307751
-0.00939879
0.0261329878
0.007612331
0.0138246752
-0.02141282
0.0512474068
-0.0102674281
0.02877707
0.00366376271
0.0431648456
-0.0125743607
0.0513300374
0.0190743133
0.0615147054
0.0147899529
0.060557913
0.0167201962
0.04405907
-0.0005384203
0.0612369031
0.01736337
0.08083944
0.0325446241
0.0675650761
0.0239170846
0.0520059057
0.03820706
0.0448223464
0.026744714
0.06504464
0.0305936541
0.05484924
0.0280287042
0.04466701
0.0184157453
0.06352586
0.03323727
0.065833874
0.0489587858
0.07545655
0.05000645
0.07266048
0.034377832
0.060462486
0.0442772843
0.0700994655
0.0178542919
0.05386654
0.03731964
0.07991137
0.0342991538
0.0466331169
0.045955617
0.0518627726
0.0149709033
0.0459580161
0.03603549
0.054849036
0.03777777
0.0514846519
0.0278333947
0.0548933037
0.05625125
0.0549690537
0.0601755865
0.03813897
0.0651417747
0.0553047545
0.0559005365
0.07050105
0.07733644
0.06553279
0.08952738
0.0509475023
0.07170032
0.0495904349
0.07952235
0.08018355
0.0950266644
0.09765817
0.0693965
0.09226651
0.101568311
0.116371445
0.07652235
0.100139506
0.07743437
0.0832926854
0.07849382
0.09815677
0.0912879854
0.106532134
0.0745985061
0.107235089
0.1004043
0.118594825
0.0610719956
0.116985887
0.08642749
0.111333624
0.063941136
0.117379643
0.0495499261
0.109478474
0.0679658353
0.106634445
0.09967214
0.107481092
0.06981539
0.100782536
0.0519923419
0.102657273
0.0806232542
0.146188229
0.06980031
0.1356411
0.0666108
0.110690184
0.0581690222
0.132697329
0.0583167933
0.127927959
0.0486505441
0.122089706
0.06903693
0.121505462
0.04796391
0.127628028
0.0495281368
0.104655609
0.0386611037
0.132463276
0.0439291149
0.108107038
0.0103387153
0.114142694
0.0587084331
0.130809739
0.0280242842
0.110811822
0.029892195
0.12753062
0.0573336519
0.08564829
0.05106967
0.107726529
0.05251113
0.122389972
0.0382909179
0.113683745
0.0437284149
0.138484985
0.0595033541
0.109855145
0.0437605679
0.09636454
0.0481192358
0.128999412
0.03789338
0.136556938
0.03774961
0.11335852
0.0154335927
0.0875395238
0.0405406132
0.1187625
0.0473162569
0.125233486
0.05408551
0.11860548
0.07119221
0.140455544
0.060593918
0.140454262
0.06151071
0.123089626
0.0453270376
0.108643167
0.03839062
0.131110787
0.0210968144
0.146071449
0.004490347
0.130839691
0.021833254
0.119869769
0.01780204
0.116912611
0.00531190354
0.09244521
-0.0101532647
0.10719157
0.0182352457
0.09121619
0.03362846
0.107583709
0.0227365289
0.119664811
0.024808662
0.0692859
0.03614081
0.0906687155
0.04889116
0.113650165
0.0355104841
0.09209012
0.0289355051
0.102699921
0.0162707977
0.104387157
0.01870716
0.103621691
-0.00240587513
0.0851687044
0.00032119872
0.07129952
0.00526461471
0.06944971
0.0421404131
0.07333324
0.02696962
0.07711784
0.0142454179
0.0509581827
0.00251747645
0.0186932925
-0.00409106072
0.032841675
0.0212196819
0.04035731
0.0280799083
0.0467772074
0.0542654842
0.02870847
0.0119197723
0.0263320915
0.0445204042
0.02158709
0.0268024057
0.0216960069
0.07167152
0.0262887627
0.0549299531
0.00680263573
0.0420385152
0.01294204
0.05608199
0.015076072
0.07789336
-0.009608803
0.1023289
0.0185647774
0.0983890444
0.03225924
0.09268396
0.0404947028
0.111695483
0.04528431
0.117617086
0.0416299
0.100317426
0.041227486
0.107872762
0.0421182923
0.112393118
0.03572131
0.126765
0.0320563056
0.1060316
0.0518671162
0.11830423
0.0374097452
0.130068243
0.048773665
0.130157381
0.02301466
0.130846187
0.05149763
0.13786383
0.03817709
0.117761426
0.05149559
0.151135445
0.061164476
0.187715173
0.0415879749
0.161975354
0.03678462
0.155361116
0.05582555
0.171938628
0.05436152
0.150843292
0.07549101
0.168024227
0.07776057
0.138301641
0.081712015
0.1442578
0.08752185
0.136432946
0.0932874
0.132148057
0.07645648
0.14680627
0.0722335353
0.123356581
0.07576336
0.150852233
0.08694344
0.161124244
0.09006858
0.133550659
0.08868799
0.163171753
0.0916803256
0.131287888
0.07727081
0.143907517
0.07786319
0.148279369
0.08502931
0.159295425
0.0868589655
0.169608757
0.05650454
0.1725401
0.107667036
0.15944615
0.08259476
0.162964776
0.08271733
0.161465064
0.0951865762
0.168122336
0.08876191
0.134259716
0.09863835
0.171223372
0.101228096
0.1751166
0.142294377
0.184668228
0.119665056
0.14723298
0.108704142
0.170845866
0.135850877
0.1544069
0.124978714
0.15312548
0.1368646
0.184656844
0.14663519
0.156677619
0.13375406
0.168695122
0.128061086
0.154719949
0.135188952
0.150302023
0.153302431
0.15231882
0.119509682
0.13865836
0.137984052
0.142438814
0.134754762
0.139848322
0.136988118
0.142787665
0.113956481
0.12892504
0.133648232
0.149226174
0.135181159
0.129069924
0.133136436
0.111141428
0.11957486
0.1331893
0.112496421
0.1375544
0.104126774
0.151490256
0.119760469
0.131340638
0.100550063
0.136253953
0.123642229
0.143137291
0.114721879
0.153619364
0.107776508
0.170614615
0.105965637
0.1678433
0.113413692
0.146221131
0.118036807
0.180860341
0.125778511
0.160222948
0.129424408
0.161251128
0.1251674
0.154792055
0.11397361
0.1632619
0.134015679
0.146592185
0.146975
0.148991063
0.128744811
0.154384539
0.158477992
0.171028912
0.12732169
0.18921271
0.138764054
0.17527689
0.12460456
0.134563863
0.124826156
0.16261968
0.140345871
0.133062258
0.143026426
0.1330143
0.131033629
0.131072655
0.143681526
0.1194133
0.143965632
0.128885075
0.124668576
0.140508741
0.121285312
0.141809285
0.105614789
0.136447519
0.0987003446
0.13908343
0.128575683
0.141340256
0.123637766
0.1495719
0.141958669
0.159179151
0.117975242
0.1482395
0.125119
0.131079242
0.1363409
0.142709523
0.106572129
0.144447237
0.1351521
0.157993719
0.135488465
0.1446195
0.145807266
0.1569128
0.1170077
0.150471941
0.132859483
0.157661155
0.105146661
0.1695933
0.123780414
0.157792762
0.13927108
0.1631075
0.114884607
0.15493831
0.135805383
0.161837131
0.13651444
0.179355934
0.146709383
0.159512356
0.152773365
0.15890488
0.145368561
0.160915509
0.156346545
0.164258212
0.145973548
0.151804551
0.186311051
0.1578967
0.177997515
0.15003854
0.161646232
0.142990723
0.160005912
0.152123362
0.163124621
0.166563988
0.171993718
0.12703751
0.16705732
0.126568735
0.16664581
0.140812248
0.190994143
0.103279196
0.183521464
0.123909369
0.174866617
0.0973653644
0.165418774
0.0941798538
0.169988856
0.07300613
0.159755856
0.08123901
0.174503326
0.0679739863
0.161331952
0.0626504049
0.158165351
0.07919081
0.171563685
0.0690805
0.146333784
0.07427794
0.147461742
0.0507462546
0.146354631
0.05080774
0.122399881
0.06797933
0.126772046
0.07573094
0.121282637
0.0502487868
0.101799875
0.053984493
0.112922058
0.050713744
0.108506441
0.0643628
0.105835244
0.0683724359
0.0794355
0.07042364
0.07927897
0.09018667
0.08918031
0.09655101
0.0750955641
0.07443916
0.06733207
0.09230957
0.0615933724
0.08987042
0.0771994
0.09746857
0.04647936
0.102050893
0.0638164058
0.09589905
0.04597478
0.135290459
0.05873156
0.112064473
0.0510692857
0.119656555
0.05540468
0.129842281
0.050653737
0.12539801
0.0592186749
0.134984642
0.0490613841
0.134419456
0.0549873076
0.146626964
0.0411250219
0.145170569
0.0494118221
0.153060645
0.0536697134
0.1509107
0.06871759
0.1723139
0.06410483
0.167580038
0.09361195
0.15177846
0.06845707
0.155243188
0.08268021
0.174736142
0.09826041
0.156358823
0.07913556
0.17715703
0.112327613
0.174434081
0.1068724
0.169502735
0.093641974
0.158774048
0.102930434
0.143607557
0.09655531
0.168401659
0.111980684
0.167353421
0.125278458
0.1527264
0.114943862
0.16707018
0.0887924358
0.134896889
0.117197752
0.150870651
0.105746821
0.144524455
0.114416748
0.13469477
0.06467944
0.14552702
0.08473491
0.147791356
0.07204652
0.137818858
0.100713745
0.118827127
0.0887011141
0.126738265
0.10236109
0.121145286
0.09464923
0.147553042
0.0799567848
0.14198631
0.11322514
0.11358624
0.07197685
0.124241404
0.0609143861
0.152899086
0.09216915
0.156990737
0.09128064
0.133495688
0.0681396946
0.147921324
0.08229982
0.150365114
0.09510841
0.136901557
0.09922055
0.15748693
0.101242267
0.139941514
0.08705141
0.1573194
0.104416706
0.148783147
0.112076245
0.158951834
0.116846405
0.152591437
0.09747858
0.1804619
0.10443487
0.140811265
0.114258938
0.149280429
0.106127545
0.13497588
0.105237342
0.137289256
0.102179244
0.12435516
0.120125778
0.143977046
0.08636072
0.123956129
0.09163267
0.1190496
0.086452
0.126106516
0.0923801959
0.12262588
0.08097697
0.125896454
0.0966996253
0.119577408
0.07545063
0.125478238
0.07020595
0.108799495
0.08754541
0.118782066
0.07164459
0.12914066
0.0565880761
0.13278316
0.0519866571
0.121035069
0.06541305
0.132072181
0.07902173
0.140815929
0.0615667775
0.14461191
0.0470651947
0.1342619
0.06129596
0.135986641
0.06311341
0.145489052
0.0686547458
0.146655753
0.0602820963
0.162443787
0.07320942
0.1698743
0.08825364
0.169703409
0.07009213
0.15628542
0.08024153
0.150571987
0.0555597357
0.158387259
0.09009839
0.185917512
0.09586778
0.186290711
0.102668308
0.171162277
0.08550578
0.153435946
0.09409474
0.17301473
0.09203474
0.1602435
0.09070168
0.159728423
0.08065256
0.159665048
0.0864364
0.1305142
0.09761909
0.146258652
0.0937133953
0.161128238
0.114336111
0.174055934
0.0925800949
0.168778956
0.0880420953
0.165885121
0.119787961
0.165573254
0.119808204
0.151938722
0.109776825
0.1455416
0.123504542
0.158053979
0.123941377
0.166774511
0.113110311
0.147921965
0.109005071
0.123729341
0.11759685
0.119875908
0.120145939
0.131022751
0.107730247
0.12787576
0.120201588
0.142937511
0.112421371
0.143944919
0.0928102955
0.123638391
0.101066783
0.136649936
0.112711273
0.137345076
0.109020844
0.146589369
0.12982364
0.1406252
0.105313227
0.127564132
0.109423004
0.141658872
0.102874465
0.129070729
0.121151991
0.131504282
0.116982043
0.128857166
0.130862892
0.110647708
0.102943756
0.125173181
0.1221071
0.102337956
0.117778391
0.119112022
0.117572889
0.118766874
0.120226
0.09326492
0.101946689
0.119096518
0.09632157
0.09331282
0.074779
0.1158232
0.08824478
0.106826164
0.102713875
0.1028269
0.07918786
0.107694939
0.0882498845
0.09811614
0.0750741661
0.109995559
0.08136602
0.09309259
0.08788515
0.0932838
0.08435902
0.115083054
0.06254673
0.109262384
0.09903433
0.113222346
0.07273291
0.108582847
0.0861433
0.102827787
0.09670624
0.09726053
0.08169738
0.11320699
0.08895277
0.103249989
0.08752214
0.09458528
0.0702471957
0.109417476
0.07986605
0.114518806
0.08291726
0.104008041
0.08476618
0.1059871
0.0906446055
0.111953326
0.07535356
0.09875966
0.08033283
0.09238615
0.0952374339
0.09270912
0.0695193857
0.0987874
0.07199989
0.08737348
0.0767314956
0.08588766
0.06071326
0.104789354
0.0778690949
0.07964929
0.07918854
0.07707333
0.0662303343
0.07544846
0.065148674
0.08414653
0.0526132
0.0777777061
0.0475360379
0.077116996
0.0636173561
0.0774788558
0.04644499
0.08979407
0.0554643273
0.101491392
0.0458249226
0.07377863
0.05584331
0.08553884
0.07156835
0.08763413
0.0785787851
0.0833236
0.08148766
0.08997704
0.0497393422
0.06320059
0.05814173
0.08964722
0.0327692851
0.0911444053
0.05789637
0.10920687
0.0551723726
0.08635416
0.0782570839
0.0739069358
0.0524507724
0.08270177
0.05051518
0.07289716
0.06833875
0.06494926
0.0530818254
0.0761334449
0.0470929369
0.07728111
0.05876706
0.06641773
0.0339483544
0.07485486
0.05158094
0.07349889
0.0447822437
0.05521614
0.0211820528
0.0738402754
0.0328367352
0.09327616
0.0102310926
0.07791405
0.009471774
0.08087333
0.02561718
0.09033007
0.022661237
0.0748984739
0.0273208264
0.0830939338
0.04360736
0.08209555
0.0289335325
0.06847844
0.0383645929
0.07725885
0.0133233024
0.1107901
0.016531894
0.07520135
0.03350286
0.08038569
0.0165478513
0.0834954754
0.02321433
0.07991116
-7.940835E-05
0.07702351
0.021361988
0.08380702
0.00578029966
0.0988718942
-0.00985452253
0.0786273554
0.00696688425
0.105515905
-0.00468464755
0.08617156
0.0196846742
0.09047194
0.0107626636
0.09157215
-0.00664129
0.0955733955
0.0251107048
0.09278039
-0.00101894839
0.1209043
0.0258084424
0.116587549
0.03556181
0.1244216
0.005250522
0.104367994
0.01916083
0.126565233
0.04259175
0.112914011
0.050662823
0.112906583
0.0420871079
0.11663983
0.04911214
0.0813544
0.0524747521
0.08080301
0.04094832
0.08130585
0.0486977
0.0779328
0.0520985648
0.0853778
0.0501564555
0.08989393
0.04764993
0.0619829074
0.0130444085
0.0713289157
0.040221
0.07084955
0.0132207992
0.0599334426
0.0195275676
0.06329288
0.007806835
0.0511280745
0.01317377
0.0756852552
0.02437596
0.09053413
0.006950954
0.07402082
0.0105060535
0.0707347542
0.009257025
0.08023166
0.00221579382
0.07820453
0.0110333217
0.0791336
0.00501481025
0.06596305
0.00526080467
0.08103564
0.0308189075
0.07987148
-0.00198654784
0.06277527
0.0110028405
0.0649001151
-0.001260852
0.0757650957
-0.0125503633
0.0577646643
0.00658814749
0.07181649
0.0254669785
0.0667247
0.006060289
0.0627256557
-0.00657330453
0.06303535
-0.0432812162
0.0874114
-0.01938919
0.06609956
-0.02073833
0.07041176
-0.0143015459
0.08943921
-0.0304703135
0.0902392045
-0.0224849638
0.08079504
-0.00706315925
0.09026997
-0.00887080748
0.08088359
-0.0211631861
0.123656407
0.00133991544
0.105525821
0.008447887
0.09964942
-0.0146065382
0.0933652
0.016393818
0.12389908
0.006879191
0.117298447
0.01810958
0.105537787
0.02519343
0.11268685
-0.00188426056
0.07367688
0.009806996
0.094162
0.00703442469
0.106225893
0.00923345
0.0940455645
0.00773222
0.115009621
0.0104176737
0.103461735
0.0297907647
0.07950041
0.003762597
0.07266647
0.00294400612
0.07180054
0.0116084
0.0813069642
0.009310505
0.07921826
0.0124871982
0.08466237
-0.00268827868
0.07980898
0.00264666113
0.05260563
0.003251734
0.0493798256
-0.014443052
0.05271875
-5.44466275E-05
0.0801793262
-0.0146385254
0.07200995
-0.0117309708
0.0651618838
-0.0431176163
0.07124816
-0.0481197946
0.07607106
-0.0169897266
0.07174443
-0.023561107
0.0607845038
-0.0267573278
0.08090974
-0.005757835
0.08324379
-0.0217632875
0.09516539
-0.00456312532
0.0971267447
-0.0145661011
0.0969639942
-0.0126294065
0.09044837
-0.0176593587
0.102337725
0.0144628286
0.08266836
-0.0249828026
0.065202035
-0.02278942
0.07817796
-0.0134380311
0.04527866
-0.009003838
0.06691079
0.006825948
0.08491358
0.004064379
0.09571597
0.004407375
0.07054162
-0.01785136
0.0695544258
-0.0271680839
0.07182552
-0.0169482362
0.0711576045
-0.02615516
0.0950466
-0.0338856764
0.0827372447
-0.021625733
0.0764822
-0.006652574
0.101273842
-0.0343422145
0.07510026
-0.0103177847
0.08860626
-0.00594053371
0.08454185
-0.0218182728
0.07577331
-0.0197198726
0.0579656735
-0.0379718281
0.101439029
-0.0246414654
0.0853852853
-0.0105588688
0.0947512
-0.0075926003
0.09491205
-0.0103105651
0.08305962
-0.0275709964
0.07877019
-0.03397056
0.08354704
-0.0223943088
0.0641778558
-0.0241531916
0.0865578
-0.02981175
0.08077642
0.003410424
0.0826173648
-0.0204669423
0.0597951
0.0186327826
0.07240153
-0.01868928
0.08309256
-0.009677453
0.07227329
-0.0123455757
0.0567779429
-0.0106405262
0.0824755
-0.0243566539
0.0700841
0.0163646359
0.0685107559
-0.02197906
0.07434988
-0.0133296363
0.0555763543
-0.02311202
0.0495800264
-0.0154529689
0.06907342
0.00160115235
0.05812721
-0.027127387
0.05038615
-0.00732964557
0.07288244
-0.00181787077
0.06570131
-0.0167105086
0.07770529
-0.01159406
0.06899639
0.008184088
0.0768141
-0.00333732669
0.0373974666
-0.013668526
0.0343648754
-0.0205232017
0.0460558236
0.00137484341
0.0612687431
-0.0186712667
0.052116733
-0.01964536
0.07250709
-0.0267585218
0.07435546
-0.020985378
0.0523654781
-0.02601537
0.07800777
0.0111065693
0.0661183447
-0.0282777436
0.0776747838
-0.009376844
0.05659666
-0.00115616713
0.06408964
0.00386211486
0.0573989674
-0.005247654
0.0688838959
-0.0234303754
0.0628097
-0.006238077
0.05559138
0.006410333
0.0569370054
-0.00724887
0.0525777042
0.008135791
0.0261916015
-0.0138824377
0.07228667
-0.03225993
0.04192982
-0.02323988
0.0496860556
-0.0171509832
0.04526223
-0.0147347059
0.0478898175
-0.0322428532
0.05118832
-0.0102039352
0.0451750159
-0.0182677
0.0484805033
-0.0382824279
0.067201905
-0.0328173041
0.07186866
-0.0230001714
0.0471545
-0.025627343
0.0626388
-0.02840586
0.07649101
-0.009933853
0.06821301
-0.00459590927
0.06952343
-0.0445108563
0.06733046
-0.00612711161
0.0518741757
-0.0244083181
0.0478880219
-0.0272449311
0.0644359738
-0.0139826955
0.0588152781
0.00450437749
0.0609351322
-0.0203430858
0.0592902526
-0.016886903
0.0764043555
0.0112211071
0.06828962
0.0176071618
0.0589996167
-0.0173713621
0.08383553
0.0147662284
0.0919646844
-0.005448994
0.0691053942
-0.0047067604
0.0567796938
-0.00249868981
0.06537296
0.0158457328
0.0651776642
0.0101789879
0.0618265457
0.0124434866
0.08283251
0.0038259076
0.0567937531
0.0212753173
0.0810343549
0.0294450354
0.0730175748
0.015153694
0.05536509
0.02286127
0.06992428
0.009557487
0.08136824
0.0328775868
0.06270132
0.0390845947
0.049028527
0.03349327
0.0834031
0.01937983
0.0415895544
0.033700712
0.0516860075
0.0298565421
0.057363525
0.0267796069
0.0526973158
0.0263291746
0.04540895
0.0323536
0.050340537
0.0274436157
0.0525464378
0.0277040116
0.0541488975
0.032974422
0.0351970047
0.03656834
0.03527481
0.0273338575
0.036114946
0.0005119116
0.036940854
0.0219741818
0.0449658073
0.0134006282
0.0279400237
0.0290242322
0.03262785
0.01961005
0.0210811682
0.0072925305
0.0491230637
0.03937879
0.04188773
0.03538815
0.02704686
0.0268222224
0.0434572473
0.01845854
0.0435087681
0.0260169227
0.0402493142
0.0108716749
0.0333867446
0.02561474
0.0361401141
0.02260719
0.0422399156
0.0191600937
0.0502002761
0.0259239338
0.0260593779
0.002789289
0.0353137478
0.008640286
0.03504402
0.04077548
0.0283021163
0.0274948254
0.0511352
0.0383640528
0.0350926965
0.0246982537
0.0171248484
0.0349071026
0.013665122
0.0402397551
0.0330224559
0.03709741
0.0124446237
0.0462468229
0.00234813825
0.0112591693
0.009065953
0.04274968
-0.002971999
0.0264551174
-0.000819022767
0.026419878
-0.004698331
0.0116257835
-0.007848906
0.0357179157
-0.0123256482
0.0281993076
-0.0121726235
0.0282037426
-0.0116081052
0.0103332326
-0.00308604771
0.0283730831
-0.002288355
0.0109032132
-0.00282735378
0.00754388375
-0.0290477462
0.014973769
-0.0141814314
0.0218152143
-0.0121187521
0.0278385524
-0.005499239
0.00205890927
-0.0251537748
0.00219142437
-0.0206035282
0.0008582652
-0.0252332557
0.0134282615
-0.009106518
-0.0147535177
-0.007866462
-0.00486741448
-0.0267772656
0.00132057734
-0.0106456205
0.00513389939
-0.03732939
0.00399030652
-0.0101097254
0.003532872
-0.0271790065
0.0179787446
-0.007629163
0.00296886056
-0.014607287
0.0122309886
-0.00742446
0.0294000525
-0.0227567181
0.00364172552
-0.0283928625
0.0248807985
-0.0186759289
0.008445328
-0.0270576365
0.0273188
-0.0166937988
0.0333876871
-0.0364916176
0.00045530824
-0.0428733863
0.0138836605
-0.0208611321
0.0115359966
-0.0522397235
0.03388374
-0.0530100465
-0.00734395161
-0.048962675
0.0584251
-0.0265483744
