-0.0457534343
-0.06969714
-0.0307312235
-0.05114671
-0.07966198
-0.04618743
-0.132421747
-0.0595520027
-0.00313650072
-0.054939948
-0.0363481343
-0.02085937
-0.0486480072
-0.0227933787
-0.08803604
-0.0128539
-0.04645263
-0.05776277
-0.0119386334
-0.101807363
-0.07802901
-0.07439169
-0.08197317
-0.02359395
-0.08605588
-0.08017022
-0.07185835
-0.05509366
-0.071618706
-0.08049988
-0.0123603512
-0.07675386
-0.0447539873
-0.0115776211
-0.07261318
-0.084287636
-0.03467788
-0.06008068
-0.09622175
-0.067324
-0.0155408941
-0.0361352637
-0.0120450379
-0.0712247938
-0.0419816561
-0.056501098
-0.08186831
-0.11339999
-0.073021315
-0.02244464
-0.110217966
-0.0216053966
-0.115106709
-0.0332944542
-0.06418828
-0.0580104627
-0.09864634
0.00518346252
-0.0400286056
0.0209487528
-0.07484799
0.0168004055
-0.128098086
0.00281949015
-0.0526293665
-0.0280060656
-0.0189469978
0.0226797517
-0.0660373047
-0.0642318055
-0.0479634926
0.02273824
-0.030206969
0.0208511837
-0.100636505
0.04679165
-0.13300395
-0.015056408
-0.0134792207
0.016881451
-0.07995394
-0.0242567733
-0.071052745
0.0256576557
-0.08349653
-0.0206383429
-0.06077837
-0.0147903273
-0.05284477
0.08170995
-0.0786299855
-0.0116086518
-0.06454385
-0.0131167872
-0.100098796
0.0255882461
-0.04447082
0.0490864366
-0.09837682
0.0313670933
-0.04406199
0.02634887
-0.08617249
0.0203749146
-0.108269423
0.0159496181
-0.0590116046
-0.024401037
-0.01220223
0.0327780358
-0.00673277862
0.007924093
-0.05492129
0.00298833451
-0.04399162
0.00105928967
-0.02258791
0.009216129
-0.0167506784
0.02376706
-0.0306065064
0.009611652
-0.0438497663
0.0468137078
-0.0293529518
0.0216702744
-0.0537941977
0.0188451316
-0.0276100822
0.06370538
-0.0139849568
-0.024492804
-0.03927031
0.0163591243
-0.0420558155
0.0386816151
-0.0274599269
0.01832455
-0.0289850961
0.008048686
0.000144387886
0.0535708554
-0.0370699726
0.0286003873
-0.0185690131
-0.0175224952
-0.06372532
0.00100404478
-0.05035861
0.0283413716
-0.0365510657
0.0206956677
-0.000363461178
0.0373192467
-0.03755142
0.0116471518
-0.02282946
0.0113217225
-0.0028377187
-0.0372862481
-0.06352658
-0.0273756217
-0.0497932732
0.009554481
-0.0844565257
-0.0248174779
-0.0391639546
-0.0169578455
-0.0216956791
0.006145841
-0.08357489
0.0103995111
-0.05421756
0.05691486
-0.0308059268
0.04310092
-0.007881115
-0.00283300341
0.00762184151
0.007012023
-0.0291102231
-0.0387572534
-0.04051666
0.0325609632
-0.0274146944
0.0162486061
-0.0288612954
-0.00366787147
-0.0441400856
0.0180417448
0.00253126
0.0178454611
-0.0155792478
-0.0492482074
-0.05616765
0.0307559
0.00124107569
0.0107572144
-0.02558442
-0.0263671745
0.00594329834
-0.0152550256
-0.05251
0.00260135066
-0.00579603948
0.0315156654
0.002670088
-0.03393595
-0.007476712
0.0427507944
0.0346166156
-0.02935691
-0.014807771
-0.040420562
-0.0408049
-0.009759765
-0.05165999
0.08187244
-0.0116839129
0.0255776178
-0.0763047859
-0.0107665891
-0.0136639662
0.0183854047
0.0238231122
0.0409732349
-0.05139211
0.0313351341
0.008905107
0.0651758239
0.009789088
-0.04307256
-0.06489065
-9.09912E-05
0.00328723621
0.06126385
-0.0227693543
0.008230538
0.006362873
0.024544958
-0.02352527
0.0274594035
-0.0102929
0.03194332
-0.06341758
-0.0183907747
-0.0493464358
-0.0340555757
0.01792204
0.04573668
0.00283193984
-0.00602265634
-0.05052729
-0.00634302665
0.0422020666
0.006616633
0.04797095
0.07450841
-0.102126859
0.0460596159
-0.006300449
-0.0141507741
-0.08889947
0.0276237577
-0.06571708
0.006671345
-0.061447937
0.03374298
0.0287883878
0.06335821
-0.0101458924
0.0612536557
-0.06854507
0.0029942384
-0.0635279
0.0920307562
-0.0341872126
0.0534490272
-0.0428178348
0.0793809
0.0532457344
-0.009634316
-0.0597985424
0.117352329
0.01162295
0.0629814
0.0298170149
0.07912512
0.008150745
0.0349630564
-0.007013991
-0.008011204
-0.0626312941
0.0733253956
-0.009480428
0.0369230844
-0.0999581441
0.0388626978
0.009982524
0.0142783532
-0.03437377
0.172693312
0.00778144551
0.0410254821
-0.103156231
0.0253488254
-0.006336493
0.0487181023
-0.021425
0.06753981
-0.008575053
0.06837663
-0.0505984239
0.06788742
-0.008049803
0.0132581685
-0.062842764
0.0694944039
0.0519008562
0.112718455
0.045688346
0.07112812
-0.02143063
0.0304765739
0.0162831675
0.0232759975
-0.0353413969
0.0379069634
-0.0134141156
0.08375271
-0.109850265
0.102431186
-0.04257122
0.0201477259
-0.08878608
0.0421088524
0.000702833
0.08510714
-0.02743874
0.0330772549
0.0008163492
0.114983276
0.02684774
0.114806764
-0.01826454
0.122586526
0.0176917575
0.0786981955
0.07707601
0.100307845
-0.004685059
-0.009840594
-0.0105547579
-0.0278060064
-0.0348502956
0.1004027
-0.0101036886
0.08991511
-0.07698323
0.06246432
-0.104688272
0.05903532
-0.0238921586
0.0513445251
-0.00100720266
0.09763422
0.0469523519
0.078700304
-0.045783177
0.05169058
-0.0257055946
0.108852431
-0.007021132
0.0610673167
0.000483096315
0.104353808
0.05974189
0.044636596
-0.0136232469
0.0639149547
0.08264961
0.07899043
-0.009400861
0.08582413
0.0502571128
0.101232849
0.12310499
0.0585608
0.0244016927
0.008688759
0.07145918
0.04164458
0.0520704538
-0.02006209
0.0502877
0.09117919
0.0213120524
0.0752367154
0.0482397
0.06290922
0.10195937
0.004429894
0.0131489495
0.04925035
0.138475686
0.0606924854
0.110836253
0.0561896227
0.0425090678
0.0660942644
0.108044654
0.0675174
0.0766975358
0.0419875458
0.04695994
0.06583895
0.0433484539
0.09631014
0.0665242746
0.00358108035
0.06348255
0.0252534766
0.0471263044
0.07605727
0.04174376
0.0619466342
0.08877021
0.0465012752
0.0510849766
0.0343821831
0.0831997246
0.0347082466
0.0480520763
0.04567088
0.05503705
0.0113333082
0.0858376
0.0370594822
0.04447414
0.04453164
0.08961432
0.06013347
0.09977164
0.0337534621
0.07176995
-0.05535428
0.0782345459
0.06553012
0.04082468
-0.00671057
0.09789172
0.0157088749
0.12437021
0.0143834576
0.112378
0.0550598837
0.09593355
0.0356810354
0.116214395
0.00451676734
0.1353435
-0.01773544
0.125308856
-0.0270126
0.153605461
-0.0286234058
0.04092181
-0.06430378
0.120102182
-0.008812248
0.139248282
-0.0127427075
0.0249312911
0.008103954
0.09216223
-0.0287260916
0.04856208
-0.026550943
-0.004436984
-0.133545488
0.07851114
-0.08927437
0.025140265
-0.0322618
0.03229563
-0.0789588839
-0.0150359217
-0.0397668071
0.124732494
-0.100555696
0.008770903
-0.0819198042
0.0335210674
-0.0137314815
0.0387293845
0.0010310096
0.06337702
-0.0547120161
0.046713043
-0.0334447734
0.08118296
-0.05197192
0.0196329858
-0.0404031575
0.0281720031
-0.03716831
-0.01579412
-0.0300164875
0.0558029972
-0.0444973148
0.007968578
-0.07360162
0.00158094044
0.0164359361
0.0402537845
-0.000186398363
0.0204622485
-0.0378810577
-0.00159823149
-0.0464091375
0.0921313
-0.0620844625
0.07695291
-0.0416272655
0.0756231248
-0.100386247
0.0649290159
-0.07056242
0.070625864
-0.08655587
0.0117790513
-0.0611256436
0.0509796441
-0.04366383
0.0555903576
-0.0160939712
0.007893485
0.0512589328
0.09628322
-0.04559268
0.07118366
-0.0692303851
0.0144287618
-0.0240836591
0.05797995
-0.0526972525
0.009397482
-0.0717463
0.0612447038
-0.04957908
-0.00600579241
-0.0167208575
0.0951425359
-0.0540158227
0.0197632089
-0.02260047
0.02993229
-0.0246690735
0.0281347521
-0.0517114848
0.043286
-0.075181976
0.01623347
-0.00313103083
0.000793689454
0.0136571983
0.0331663936
-0.02717747
-0.08082415
-0.0311322678
0.00535862939
-0.0772889
0.0107625313
-0.0160471555
-0.0278160442
-0.0657441542
-0.04216379
-0.0179755148
0.0653967
-0.0267495662
0.0310104769
0.0057624653
-0.0297124069
-0.0528930239
-0.0526049174
-0.0327640846
-0.00270361057
-0.06711865
-0.0259673335
-0.0171236414
0.004719518
-0.0509866662
-0.0280059613
0.00284979143
-0.04642103
0.04606836
0.0253766738
-0.00204719673
-0.012624844
-0.001911247
0.0139842713
0.00102205668
-0.002706976
0.09541972
-0.002910454
0.0484150164
0.0404792465
-0.0222013965
0.0261720754
0.0164007712
-0.0398451239
0.07399793
-0.015014749
0.07274789
-0.0468023233
0.0169979073
0.007420034
0.006910892
-0.0269163549
-0.02867714
-0.046936024
-0.04881364
-0.03697962
0.0131398952
0.00294806645
0.0171027854
-0.019258704
0.07272992
0.06958541
-0.0167193729
-0.0309769176
0.043545872
0.038801223
0.0304545164
0.014470093
0.0107866274
0.0196453258
0.025084801
0.06020141
-0.007126799
-0.02380169
-0.0128506981
-0.0561867021
-0.01746309
0.0264538247
0.0795092061
0.0253896639
0.0297535229
0.011327045
-0.0378050767
0.0118320677
0.0107806884
-0.0310739111
0.0492015034
0.02555536
0.06477804
0.011667233
-0.006505476
0.042750936
0.00252454216
0.0226574522
0.00838474
0.040294148
0.06931519
0.000219786642
-0.00126991258
-0.01620393
0.0197113249
0.09129475
0.0290642269
0.0578528829
0.07027896
0.0608514361
0.110562861
0.0229454171
-0.05441538
0.08331128
0.09841085
0.05878851
-0.0258305687
0.0833406448
0.0248098485
0.0820336938
0.009893774
0.00490257656
0.0620492436
0.137192056
0.0129480157
0.05525821
0.058858335
0.113265626
-0.08490279
0.00660411455
0.008332088
-0.03971095
0.0771411955
0.108253047
0.04420734
0.04762825
-0.0220306832
0.080798544
0.0109539106
0.0514751822
-0.03248279
0.0213618428
-0.03652239
0.1458116
-0.009453954
0.09772775
-0.0444006957
0.113177262
-0.05135206
0.0436048619
0.07157922
0.10440328
-0.0436368175
0.123745792
-0.050681863
0.124044664
-0.04684134
0.04014229
0.003425993
0.0293029174
-0.106915116
0.07495505
-0.0313392058
0.0213416535
-0.0259298664
-0.026030764
-0.0644080639
0.07580622
-0.0698045
0.0523004644
-0.09540269
0.0259582829
-0.062089365
-0.0181930587
-0.0482207164
0.03247506
-0.00315796887
-0.00808384
-0.09431496
0.00174856908
-0.08852634
0.0349441357
-0.128476486
0.13147226
0.0317835324
-0.009157969
-0.07774614
0.01976118
-0.0073833
0.134910986
-0.0290364251
0.120403223
-0.0806440562
0.04724691
0.0192420948
0.05428672
-0.021735182
0.007168999
-0.0373653062
0.0437685475
-0.06799133
0.07164174
-0.009656671
0.0121631185
-0.0176773611
0.0577023067
-0.0148836179
0.0512299761
-0.09363616
0.0703599751
-0.00857392
0.08105526
-0.0608573519
0.05235058
-0.08062503
0.05331161
-0.0330086
0.0421083532
-0.06652726
0.0862967148
0.00957038347
0.0301908329
-0.06445594
0.08291022
-0.0143442042
0.09915583
-0.0522011146
0.04661829
-0.07097975
0.07501307
-0.05310414
0.07026116
-0.0494781621
0.0322529934
-0.0686588138
0.0855663
-0.0190650467
0.120928444
-0.07584572
0.08897434
-0.043793425
0.1167236
-0.0762734
0.0121416878
-0.05349297
0.0430952236
-0.116711408
-0.0346021019
-0.07050497
0.0425583646
0.0005388508
0.0291256215
-0.004687119
0.05833149
0.0105739189
0.08955778
-0.07079941
0.0216549747
-0.141345531
0.08898415
-0.0286633521
0.0238525122
-0.0562704764
0.05081415
-0.118436635
0.08572143
-0.08616913
0.118260771
-0.0514791533
0.040262226
-0.101399541
0.0381038
-0.103191517
0.09201019
-0.08694826
0.0455069058
-0.101233482
0.100706205
-0.140799344
0.103269577
-0.01740009
0.0576452874
-0.113862365
0.02002525
-0.06642659
0.06994756
-0.08557978
0.0929830447
-0.1347698
0.0156356357
-0.0905020162
0.06727174
-0.0960999355
0.0591978729
-0.04513514
0.0686335042
-0.152794033
0.09628966
-0.09029339
0.113341607
-0.0599425733
0.188317508
-0.105161041
0.0712535158
-0.0796783
0.0553545542
-0.0655150339
-0.0195742976
-0.05125862
0.029442586
-0.12330395
0.0246124938
-0.195665419
0.09158023
-0.09576799
0.0518359952
-0.108676635
-0.0131774684
-0.06749513
0.0548043847
-0.06711957
0.0521028377
-0.0755606741
0.0265938435
-0.09586075
-0.01879588
-0.101711884
0.0277011916
-0.0519857481
0.08553434
-0.105491005
0.066498816
-0.171324551
0.0457151271
-0.0627096444
0.008009138
-0.115552045
0.0553629138
-0.08791981
0.05945479
-0.147209585
0.07112064
-0.03882202
0.0317290053
-0.1471566
0.13021493
-0.131864563
0.07842367
-0.08423442
0.05026256
-0.103876583
0.0356453173
-0.140377328
0.04347559
-0.165663928
0.0610612854
-0.006554485
0.0336270146
-0.131320477
0.0658645
-0.03313581
0.0215468071
-0.151489556
0.08765614
-0.07416528
0.107661828
-0.0701915249
0.08528559
-0.140944675
0.07386819
-0.197134241
0.0965785459
-0.126602381
-0.0255943574
-0.103591666
-0.0235180035
-0.153994665
0.102747731
-0.04318227
0.008407273
-0.16202046
0.0418804772
-0.04737689
0.1363168
-0.121695809
0.101066165
-0.00244397135
-0.05349812
-0.0910493
0.03817684
-0.05578285
0.08253948
-0.152564183
0.130593389
-0.188384563
-0.0502874
-0.09519234
0.0318451226
-0.08846247
0.0317598954
-0.151349336
0.109158374
-0.102292463
-0.0594870672
-0.108447805
0.0485265367
-0.119424544
0.05753613
-0.124136262
-0.008805049
-0.1056585
0.100345649
-0.09437017
0.06791975
-0.1222783
0.06474458
-0.0254475567
0.0544541925
-0.0319453329
-0.0518444069
-0.141124025
0.0586263947
-0.129777372
0.084956646
-0.058885932
0.0359708741
-0.0782321244
-0.0383921862
-0.08511633
-0.0311949644
-0.04978109
0.0557957068
-0.118043423
0.0187371671
-0.05748608
0.125457287
-0.08761447
0.128936648
-0.0687846541
0.0312009342
-0.0812562
0.012925108
-0.112700239
0.00670329854
-0.155165419
0.105540775
-0.0535582826
-0.07951831
-0.137852892
0.0266712941
-0.102248341
0.0178960729
-0.03931125
0.08536128
-0.08239193
0.0125429882
-0.133282185
0.0385536663
-0.142252639
0.03472513
-0.09758566
-0.000675807649
-0.148680389
0.0242546927
-0.0496495031
-0.00474330643
-0.0868700445
0.0287902821
-0.0616893023
0.0375444628
-0.08335538
0.122645505
-0.123128287
-0.00618939
-0.110993929
0.008927995
-0.09680517
-0.029227959
-0.132514179
0.02197791
-0.1908064
0.004832456
-0.0437007733
-0.00227324152
-0.0566825345
0.044037316
-0.08282328
0.0521348752
-0.0783045
-0.0626688451
-0.044285357
-0.0159628466
-0.08937785
-0.00533415144
-0.199718833
-0.070647046
-0.0201127268
-0.04067387
-0.1829158
-0.0111478008
-0.07309824
-0.03045167
-0.07592104
-0.0128498916
-0.110484518
-0.0106730843
-0.0534340031
-0.03208193
-0.1623797
0.0335627645
-0.107964657
-0.03484814
-0.04135755
0.0622482449
-0.03187097
-0.053212136
-0.119177088
0.0429471247
-0.08426467
-0.132710457
-0.114719443
-0.007247775
-0.07240669
-0.03351995
-0.07665468
0.013567565
-0.008857414
0.0274811722
-0.0248052329
0.0172776114
-0.07842764
0.0175703745
-0.0684276745
0.07993579
-0.139890566
0.0147190718
0.0006062102
-0.0112571213
-0.0393672623
-0.050801862
-0.0104679782
0.01604679
-0.0569367558
0.0242072362
-0.0423601568
0.00428857328
-0.0790350661
0.0693805739
-0.051613234
0.05615668
-0.04964106
-0.018542638
-0.134724349
0.06032164
-0.0466395542
-0.03272954
-0.06226953
-0.03221365
-0.07348749
0.0251975823
-0.104628235
0.004263472
-0.0897410959
0.00873216
-0.1282843
0.01088925
-0.08852271
-0.0268952586
-0.05701314
-0.0351340733
0.037744958
0.0260312557
-0.0280659851
0.0466354042
-0.0798789859
0.00377799058
0.0595045462
0.007302425
-0.0624454953
0.0326588377
-0.02650737
-0.0183663275
-0.0812344849
-0.01890596
-0.09779642
0.0644997954
-0.07602394
0.0548331328
-0.00570788328
-0.0344478041
-0.0892688558
0.00318009313
-0.07512949
0.0744465441
-0.02433819
-0.0106818043
-0.0560882054
0.158208251
0.0887473151
-0.0296084154
-0.11135979
0.0381151624
-0.06354273
0.0246873144
-0.002378217
-0.001981842
0.0369383581
0.0176068433
-0.07260338
0.04191706
-0.04446864
0.09297677
-0.135694727
0.00814559
-0.0507546
0.0504115522
-0.0494848043
-0.0543212369
-0.0496910363
0.116517313
-0.07804547
-0.009495847
-0.0143271163
0.0587732419
-0.0262282547
0.0769716054
-0.0150337964
0.03798129
0.0570862144
0.0156418029
-0.07460164
-0.00132592267
-0.07050999
-0.0749762356
-0.07626131
0.04046673
0.0284510329
-0.00898277853
-0.07301059
0.00664404873
-0.04293891
0.07241968
-0.006296297
0.000336633733
-0.07250546
-0.00278821285
-0.0179677736
0.0224824976
0.007723909
-0.0420971252
0.0145466207
-0.0345522
-0.03892923
-0.0147336
0.01388704
0.0454039946
-0.0458263047
0.090634875
-0.07481162
0.01889471
-0.065410465
0.06414261
-0.0273911413
0.03489981
-0.00361612532
0.08809499
0.0424020663
-0.02790824
0.0477368534
0.0393121764
0.05393369
-0.0521637723
0.0243275836
0.009946732
0.00436892128
0.06579297
0.0219831467
0.0417257361
0.0296613853
0.0417473577
0.03758766
0.03388976
0.08560125
0.0205736849
0.02100451
0.1862832
0.037620075
0.07056346
-0.03458474
0.09648896
0.024310708
0.009404924
0.0236698259
-0.02807497
0.03932018
0.0161815938
0.0184345227
0.06470393
0.00659675756
0.06779436
0.10436023
0.07958865
-0.0246860422
0.041480545
0.06912588
0.03164841
0.032380905
-0.01914707
0.07792625
0.08158881
0.05690303
0.126460329
0.0375865772
0.0187994484
0.0122100729
0.0285284165
-0.0417099856
0.158380181
-0.0391370244
0.06072148
0.04198643
0.08223622
0.0178953912
0.09728707
-0.05628444
0.1147867
-0.0200243872
0.0501863547
0.07271639
0.08012331
0.0343442559
0.07549154
0.0323768742
0.09994254
0.0624253564
-0.0166804437
0.0750056654
-0.0100926729
0.03117262
0.09249471
-0.00665981974
0.07502568
-0.0496880151
0.0518856831
-0.00733810058
0.116549626
-0.0561253466
0.0468493663
-0.03634419
0.0715753958
-0.0136083169
0.104614861
-0.0369644277
-0.008675706
-0.0180702489
0.10610529
0.012132898
0.0350141525
-0.0475595631
0.183505669
-0.06551029
0.0766145438
-0.02539911
0.058346238
-0.0440334864
0.07247159
-0.0886783153
0.161540076
-0.05078968
0.0862502456
-0.05052789
0.019768361
-0.03727723
0.164368689
-0.129860908
0.106594
-0.0068062814
0.05134084
-0.034792807
0.142522931
-0.0587404333
-0.02037992
0.00764027331
0.1264141
-0.0408548042
0.06348684
-0.06807978
0.06133845
0.00405025
0.102206536
0.0428156629
0.09087419
-0.07536842
0.0260936432
-0.06243559
0.0180914514
-0.0619879067
0.0160068031
0.00500339177
0.0750860944
-0.008186674
0.07446252
-0.0705277249
0.101780675
-0.180126354
0.0222120229
-0.0331852473
0.166772008
-0.0506559573
0.008464049
-0.0431654565
0.05440458
-0.0419076644
0.06647324
-0.143635452
0.0326456875
-0.07026229
0.0798042938
-0.0100104408
0.141144887
-0.08556863
0.0549647957
-0.00241615344
-0.0184101425
-0.008470751
0.08929733
-0.07261624
0.0375392959
-0.172372088
-0.0103234407
0.0164260659
0.03992856
0.0103494488
0.0572261363
-0.08456618
0.0206389017
0.115730144
0.066371195
0.0510143153
0.140812978
-0.0175008364
-0.0116169928
-0.05838026
0.11154899
-0.05188123
0.05248235
0.007737167
0.105976112
-0.0229000784
0.02968496
-0.03987264
-0.0225689057
0.00115476572
-0.0197767336
-0.1056228
-0.0183208082
-0.0873231143
-0.0154877668
-0.0151435751
0.00510704424
0.00378445815
0.110585764
-0.112986021
-0.0542704239
-0.04601827
-0.0591480732
-0.0961095244
-0.06414649
-0.08969494
-0.05623297
-0.0410833359
0.0400548168
-0.06701276
-0.07785752
-0.067256175
0.0606258
-0.0296698324
0.0125797968
0.0416752547
0.01376142
-0.0188378934
0.004688096
-0.05323229
-0.0451008
0.005768917
-0.169546112
0.10763716
0.10563495
-0.080115445
0.0261390526
0.054177504
-0.002489969
-0.07985263
-0.0198035538
0.09525955
-0.008895355
0.006473031
-0.0452881
-0.027612282
-0.163454026
-0.09703543
0.0218071043
-0.04232477
-0.05334412
0.0309039075
-0.0262226015
0.08963762
-0.03311966
-0.0529604554
-0.07766548
0.03801556
-0.07147376
0.118632756
-0.0389690623
0.0337451473
-0.08219544
0.02391018
-0.100547388
0.168475881
0.02526519
0.119553462
-0.0161453635
0.05642884
-0.07934272
0.0359919779
-0.06430686
0.185751691
-0.0165823046
0.155509323
0.06466154
0.182837173
-0.0227509234
0.038044218
0.07519306
0.103854641
-0.0341503769
0.0196892153
-0.0268816967
0.149053708
0.019054424
0.1062712
0.09727124
0.0687717
0.0449597538
0.103377946
0.02832262
0.08376134
0.0694384947
0.118265294
0.09570188
0.178904951
0.018922789
0.0635693
0.0217113681
0.172613665
-0.0113346288
0.0197075065
0.04842673
0.117355131
0.126296476
0.124589749
0.148886487
0.134956881
0.0731403
0.110428005
0.054141093
0.227641508
0.07046338
0.0174728651
-0.00232544448
0.0762686655
0.152475446
0.0721965
0.00691464264
0.1643667
0.097986415
0.0696988553
0.172190592
0.09774459
0.04990381
0.09277149
0.06301277
0.0637953
0.0609585941
0.0113376267
0.112916179
0.105702788
0.190259933
0.11459817
0.115722589
0.07473321
0.01829585
0.113024548
0.194459885
0.179600433
0.145211071
0.0815671459
0.07240027
0.11938192
0.1174977
0.0787772
0.09208278
0.00560391741
0.1704456
0.0706330761
0.1403932
0.128396183
0.08833979
0.09849533
0.17898646
0.007759156
0.190800086
0.04028361
0.0682129562
0.0894082561
0.08429352
0.122496806
0.1384688
-0.0110950032
0.161860839
0.0440321639
0.166363358
0.0592066459
-0.00284247543
-0.0607551225
0.06844027
-0.011897034
0.164001748
0.0378500223
0.042804338
-0.0136675136
0.141826585
-0.01258512
0.09388078
0.0327774
0.149010524
0.00565498974
0.209501415
-0.052670788
0.03337754
0.0243838783
0.106472932
-0.0205271319
0.0536857657
0.000859159
0.129961908
0.0191616826
0.00221474282
-0.0885515362
0.0343862921
0.002751321
0.0479414463
-0.0356183052
0.00220783474
-0.00734991068
0.0616589151
0.08656697
0.106256992
0.0116876541
-0.0191375017
-0.029377792
0.0173818879
-0.0365893245
0.0362787955
0.0278739668
0.128208444
0.01648373
-0.05282577
-0.03499501
0.018321177
0.03362328
0.068340674
0.07466074
0.03133842
-0.04183378
0.08553111
0.008260963
0.08769505
-0.04655958
0.0559329949
0.08712317
-0.00451154867
-0.02167595
-0.005717081
-0.08332297
-0.03887268
-0.0433215573
-0.0572900921
-0.09120088
-0.0885453
-0.108391769
0.0162404273
-0.0809276551
0.0547016859
-0.09210263
-0.03468128
0.0854158
-0.0214396
0.0257791989
-0.04535094
-0.08138063
0.07469664
-0.0117951147
-0.060378693
-0.000222610135
0.08363514
-0.02737575
0.0502748676
-0.109166719
0.013395397
0.0228852145
-0.006693261
0.0403955
-0.00340488576
0.0015871299
-0.044333756
-0.06131247
0.0502239279
-0.0208535232
0.037344262
-0.0262980275
-0.0742993057
-0.05622113
0.004391129
0.000280116452
-0.00233643525
0.09771494
-0.0388339646
0.04472467
0.04158163
0.019574428
-0.06862078
0.07604206
-0.006662923
-0.0164531469
0.08521026
0.0603107326
-0.07630248
0.04673543
0.02325665
0.00563075533
-0.146521851
0.07618529
0.0174005274
-0.012690749
-0.0145966355
0.0818337
0.0513783135
-0.0224855281
-0.00588921877
-0.0351418
-0.03686498
0.0714941546
0.0183784552
-0.02612869
-0.0148565965
0.02927463
0.0423560254
0.008767278
-0.0673606
-0.0405206457
0.06460991
0.0603688546
-0.005744343
0.0317333639
-0.026014423
-0.0107257562
-0.03323606
0.04983925
-0.05720063
0.00322976359
-0.0586416647
0.045624394
0.0154864891
0.002606487
-0.04116637
0.0682650656
0.0205674749
0.035483595
-0.02109209
-0.0169069879
0.00134357577
0.010119034
-0.0715006739
0.0383200049
-0.0437241159
-0.0230779145
0.01319264
0.0607321449
-0.024877036
-0.0503657423
-0.0165645648
0.06301682
-0.0542438775
-0.0263104122
-0.053289894
0.0187117942
-0.0298307035
-0.0272718128
-0.0680214241
0.031061681
-0.0612380467
0.0322424769
-0.004453859
0.06733849
-0.0134028662
0.0117185749
-0.022502996
0.0497563668
-0.0960098
0.0604305938
-0.05663282
-0.0320294648
-0.004042664
0.03722607
-0.0258924048
0.0834954
-0.0540446676
0.08956001
0.0230859425
0.0294595528
0.0432463
0.009786675
0.0297593288
0.06191985
0.000188559439
0.0231081247
0.002197937
0.0115986448
-0.0224459153
0.07397382
-0.0203209855
0.08106701
-0.01145621
0.0474218428
0.0147344712
0.0571093
-0.0141706383
-0.00289647421
-0.0259190165
-0.008102357
0.00107130781
-0.01976397
0.0007470392
0.007582362
-0.0487419851
0.0668410361
-0.08823068
0.0111290552
0.009791549
0.0669926256
-0.02226031
-0.00310191582
-0.0137137463
0.0260803457
-0.0389631651
-0.009613581
-0.02767597
0.0526207574
-0.08044542
-0.008295804
-0.00523396069
0.05840987
-0.0291572511
0.03164085
0.0464641526
0.03565576
-0.0503110625
0.0614046864
-0.0250316914
0.0135802776
-0.0132281063
0.06153186
-0.06751428
0.08875184
-0.0352892
-0.0307216458
-0.0421565473
-0.0591659024
-0.02468435
0.06929212
-0.05066879
0.0260946732
-0.0687986761
0.0752002448
-0.018295059
0.0289734416
-0.01992471
-0.060680896
-0.0501649119
0.0115733966
-0.04751628
0.003964243
-0.06717364
0.03934083
-0.09063299
-0.0248564836
-0.03521698
0.08336119
-0.0404434875
-0.0006471149
0.02311895
0.04198526
-0.0652491152
0.0199224241
-0.00356055726
0.0125577692
-0.0149554238
0.0531321578
-0.0432786681
-0.00351485913
-0.0874875
0.055003237
-0.0181761011
0.03567545
-0.00171225122
0.0294342767
-0.0511563979
-0.002201697
-0.0171546564
-0.00205683988
-0.0619537644
-0.0213020835
-0.04856761
-0.0132292127
-0.000261996145
0.005771182
-0.04890593
0.09117306
-0.02500208
0.0622180626
0.00999249052
0.021318838
0.0004541281
0.120016374
-0.0284734368
-0.0530429147
-0.06420724
-0.00145107554
-0.01683749
0.0460017845
0.01059649
0.0224039126
-0.0255339146
0.05172557
-0.02808583
0.0556124
-0.0236748531
0.09484848
-0.0298964977
0.05602203
-0.011439085
0.012541079
-0.02465543
0.0857071057
-0.0367071219
-0.0356205665
-0.115091287
-0.0503134467
-0.0167680122
0.05755209
-0.016875945
0.00513634039
0.000461671385
0.09915049
-0.012447468
0.0427308828
-0.0408243239
0.06054255
0.0507529639
-0.00264538266
-0.046627976
-0.0140456017
-0.0297046658
0.0004223543
0.008319599
0.0218760762
0.0149865653
0.0349734426
-0.05776137
0.0586190373
-0.0913618952
-0.0132151982
0.0430275053
-0.02187591
-0.03717697
-0.04952206
-0.0138274627
-0.0181197841
0.004831667
0.06962395
-0.0305007864
0.0556379557
-0.0434180275
-0.01121222
-0.0161671285
-0.0108892284
0.0149653805
-0.04027938
-0.04145568
-0.0263855662
0.009878136
-0.0422723964
-0.0716472343
0.0217631683
-0.09013515
-0.0228034928
-0.0205195416
-0.0215919111
-0.0219048038
-0.0580584742
-0.0729851
-0.07096959
-0.0387619175
-0.00283829751
-0.0432228073
0.0354868956
-0.01850598
0.007676377
-0.07022829
-0.0150631592
-0.115473308
0.0223434549
0.0109515684
-0.0692246854
-0.0171165988
-0.0373432375
-0.07930229
0.0285994783
-0.08085037
-0.03387469
-0.108104639
0.04193058
-0.0597087033
0.04453445
-0.06608424
0.0544728749
-0.03009336
0.08556394
-0.0476437248
0.0327756964
-0.06554503
0.0127735017
-0.01195793
0.0441736244
-0.0361539163
0.0378795452
-0.0138708744
0.048266314
-0.0905025452
0.0127318231
-0.03565298
0.06446989
-0.0554672368
0.00238578627
-0.00125960365
0.04912609
-0.054505147
-0.00149300939
-0.06733255
-0.0237877369
-0.154028
-0.0188352689
0.0277280919
0.0179119036
-0.02565353
0.02805011
-0.0599391758
0.08287369
-0.0449197665
-0.00260784267
-0.0346746668
-0.0069535817
-0.040751148
0.0561174564
-0.03366187
0.04659234
-0.0780012
0.0575875938
-0.0304408316
0.06467668
-0.0128910607
0.009940229
-0.0588444136
0.0560382456
-0.0325434357
-0.0401850864
-0.03618084
-0.07567137
-0.0767686
0.0237602014
-0.07554104
-0.08715351
-0.07922499
-0.006145634
-0.0819948539
-0.00247566635
-0.102060795
0.0144382473
-0.0331289321
-0.0237074941
-0.06535481
0.01392369
-0.0164273642
0.008204292
-0.008114617
-0.0288686529
-0.0151442569
-0.044471778
-0.0121427448
-0.02418792
-0.0503371432
-0.0532334335
-0.0597986467
0.0445821248
-0.022730168
0.020315811
-0.062381167
-0.03625931
-0.092084676
-0.0601688847
-0.00379356858
0.0100594414
-0.09968758
-0.021568846
-0.01615848
-0.040382456
0.0334529728
0.0521231256
0.0512384661
-0.091655314
0.03481218
0.0332209468
-0.0282796342
-0.0521159731
0.0363618322
-0.08650611
-0.0465776324
-0.06513089
-0.037348114
0.0363615
-0.0115435049
0.06346563
0.0110809049
-0.07273306
0.03291501
0.0152372159
-0.01768891
-0.0580141656
0.0291785952
0.019666411
0.00727094943
-0.0927979
0.04913921
-0.0943717062
0.0271493029
-0.0108462013
-0.090771094
0.0293057561
0.0175688583
-0.107654512
0.04153421
-0.0438291244
-0.0143718272
0.07340741
-0.0540044568
0.0317291431
-0.0452103131
0.0025736005
0.001557344
-0.0374678858
-0.0191458426
-0.0646711141
0.00517301774
-0.03983057
-0.0565933771
-0.021683922
-0.002146983
-0.0244906936
0.009896275
-0.0473452359
-0.03966933
0.0343769528
-0.114332438
-0.0466438234
-0.0608297847
-0.0277533419
0.00607557176
-0.00702921674
-0.04513096
-0.01679924
-0.0489640571
0.0113167949
0.0518813543
-0.04088942
-0.030248858
0.0213970412
0.0470771976
-0.04774732
-0.0492395274
-0.111784831
0.01581341
-0.0545792244
-0.0589124374
-0.08545287
-0.0255414527
-0.153197
0.07903504
-0.0502755865
-0.0318503343
-0.0650742
-0.05091059
-0.0142888995
0.06730782
-0.09278646
0.0242187232
-0.0847616941
0.03711445
-0.0342295058
0.0461919233
-0.0684083253
0.0455810577
-0.0949696749
0.0511916131
-0.101901807
0.0255156253
-0.128531843
-0.009043559
-0.0241975021
0.127351254
-0.14291063
0.0144723356
-0.132766157
-0.02990577
-0.105581045
-0.07983119
-0.09241339
-0.102497645
-0.07441997
0.0593575
-0.162352622
0.0302739125
0.002482074
0.03882215
-0.114221528
-0.0201710965
-0.136103779
0.0412128121
-0.161324561
-0.0469993
-0.0590110756
-0.03632511
-0.101385184
0.026754614
-0.09996878
-0.0603977442
-0.124187417
-0.073305
-0.030736478
-0.00597124174
-0.08990992
0.0300489813
-0.101161867
0.0183212329
-0.09109506
0.0120482864
-0.107784078
-0.0502049364
-0.0853914544
-0.04244729
-0.035078425
0.0509536676
-0.08156571
-0.0175665617
-0.142974645
0.0058848504
-0.0166050773
-0.007529858
-0.156429827
-0.009507076
-0.116641834
0.0192369875
-0.06863957
-0.0125980843
-0.0994479358
-0.0145794647
-0.07932881
-0.04754534
-0.0958103538
-0.00139736012
-0.120284207
0.0370827727
-0.0410286
-0.0573677421
-0.0832549
0.0274588969
-0.133266583
-0.02465164
-0.135642558
0.0192054771
-0.099729
-0.0180584453
-0.19382982
0.00287071243
-0.141323254
0.0835514143
-0.187537268
0.0447702222
-0.08475942
0.0356598981
-0.10990642
0.0857445747
-0.08693444
0.03775271
-0.208111748
0.03764424
-0.202288345
0.0339198373
-0.110378504
0.0204977486
-0.06959198
0.0147347683
-0.171622768
0.005283666
-0.1884792
0.0967439041
-0.202257231
0.010821701
-0.150897354
0.025508292
-0.199749827
0.0304283723
-0.2001055
-0.0988287553
-0.155277729
-0.08450711
-0.08334925
-0.01148863
-0.09029474
-0.05187816
-0.0718318149
0.0129797207
-0.139118358
-0.031544432
-0.143300056
-0.0114938142
-0.07475408
-0.00223771855
-0.165144578
-0.02016942
-0.105800904
-0.06724916
-0.13745749
-0.07037865
-0.178023219
0.09961806
-0.191605568
0.0457347035
-0.119817629
-0.0528111979
-0.153620511
-0.03596252
-0.157748148
-0.0119771594
0.0481012836
-0.0350709073
-0.189707935
-0.0351471938
-0.167196736
-0.055599615
-0.0950672254
0.0266166776
-0.200952023
-0.06020766
-0.160004139
-0.136112615
-0.137522236
0.013574698
-0.1753841
0.106970988
-0.145318389
-0.09091361
-0.09079256
-0.0110985348
-0.08736321
-0.12029966
-0.149305731
0.00180656486
-0.08934216
-0.1768464
-0.07455729
-0.0897267237
-0.0364594758
0.0800949261
-0.009627783
-0.0455838069
-0.1206472
-0.0382788852
-0.180139527
0.00773178833
-0.08668935
-0.04379415
-0.14791292
-0.0704141259
-0.0528176948
-0.02601775
-0.185080588
-0.008968141
-0.08159215
0.003228461
-0.145372227
-0.034503568
-0.115095608
-0.02378109
-0.09058443
-0.003755799
-0.09230874
-0.04633929
-0.118752852
-0.009424974
-0.126493886
0.09563948
-0.143378615
-0.0589365736
-0.09602058
0.00586673152
-0.08899012
0.0408662669
-0.165998384
0.0385429934
-0.08781023
0.0102987923
-0.138206974
0.0347566679
-0.110001817
-0.0131435208
-0.113190494
-0.011172086
-0.0647405
-0.013055969
-0.0256327782
-0.00274378876
-0.0935762
-0.0238990448
-0.193013579
-0.0209777448
-0.1407901
0.0629269853
-0.08217925
0.0205615126
-0.144417241
-0.0465228632
-0.0972648337
0.04344227
-0.154498979
0.000920098
-0.05996664
-0.08774657
-0.139977083
0.0309903864
-0.156182736
0.00767697254
-0.1444914
0.0466609225
-0.178234816
-0.03087085
-0.09256044
0.00405426929
-0.260199428
0.133828387
-0.200078592
0.0613118149
-0.159332871
-0.007877837
-0.149500459
-0.0186642464
-0.237946868
0.0800773
-0.197511226
-0.0414807461
-0.0884762
-0.06994562
-0.242334962
-0.02363944
-0.168836221
-0.08829993
-0.216270745
-0.0244484153
-0.251571447
-0.0423361771
-0.1675174
-0.07845202
-0.160331279
0.0170817655
-0.146537229
-0.055701144
-0.144534633
-0.05337311
-0.150237516
-0.05876845
-0.117190465
-0.056438636
-0.151204675
-0.0554102436
-0.1617061
-0.0512071475
-0.120783441
-0.0460462123
-0.125604272
0.007181556
-0.154014483
-0.0804438144
-0.05294705
-0.00227778521
-0.111285105
0.0514625
-0.211485326
-0.0763825849
-0.04877278
-0.0875296444
-0.194314688
0.0459395722
-0.27679947
-0.07264205
-0.166444
-0.07519657
-0.164324552
-0.126051739
-0.130228609
0.0151274232
-0.224673077
0.031627018
-0.161527172
-0.05364008
-0.1537172
-0.09760356
-0.139112711
0.008723691
-0.119434007
-0.03218268
-0.109017126
0.0501909629
-0.194647789
-0.06415419
-0.1761526
-0.0468899645
-0.06411941
-0.111964323
-0.14448075
-0.0259786136
-0.1278364
-0.0796563849
-0.09869916
0.0466973
-0.139124021
0.008082059
0.0157009121
-0.0404058
-0.13167423
-0.151752412
-0.07949371
-0.161350325
-0.0475011729
-0.0115952352
-0.186147422
-0.0400730558
-0.1320998
-0.0425858237
-0.115181111
-0.141275913
-0.117592841
-0.0352512524
-0.09320448
-0.03563604
-0.114636369
-0.0594307333
-0.06729258
0.0269426964
-0.14265731
-0.043610286
-0.114005372
-0.06178373
-0.0390423425
-0.0727124959
-0.0952764
-0.07690342
-0.09558402
-0.0163042862
-0.06233838
-0.01573156
-0.06502302
-0.104721546
-0.0755846
-0.120461695
-0.1335703
-0.01575794
-0.0168299153
0.0256236773
-0.0795554444
0.0112061109
-0.118016735
-0.116759457
0.0332803726
-0.07179285
-0.05940247
-0.0264140852
-0.0727014542
-0.106120244
-0.00247806613
-0.08987707
-0.03647387
-0.04799919
-0.127914429
-0.103782587
-0.05425057
-0.100275338
0.0170572232
-0.0223690532
-0.02506072
-0.00757221645
0.0117538907
-0.0549058951
-0.07775097
-0.03959711
-0.04595473
-0.004710734
-0.0460109
-0.015288027
-0.0335753448
-0.08583626
-0.0790078938
0.0436015725
-0.1963456
0.00365095329
-0.0865745842
0.08335629
0.09476949
-0.009419233
-0.0635039
0.0110269254
-0.06421341
-0.004852273
-0.08273508
0.0424732
-0.116364852
0.06401371
-0.0128018437
0.00264090183
-0.0792394951
0.033389464
-0.139283717
-0.0259572864
-0.115057983
0.116054453
-0.0423744358
0.0415130928
-0.08041872
0.08442319
-0.0711577162
0.0333506651
-0.0375757776
-0.133679017
-0.107480861
0.070299305
-0.04155965
0.00298933452
-0.068238914
0.01228626
-0.113368489
-0.04399352
0.0489269681
0.0225009974
-0.0260323882
0.0601182655
-0.0190266855
0.0261974633
-0.009624491
0.11064022
0.01902254
0.0138946874
-0.0506251343
-0.04963954
-0.04906593
-0.00724374037
-0.04786586
-0.0552152544
-0.00186578545
0.01880547
0.03499847
0.04090793
0.0389490239
-0.003880581
0.0618898422
-0.0365427323
-0.099809505
0.0358018242
0.0105722817
0.0167194027
-0.00376406126
0.0398165919
0.0128436787
0.108464845
-0.015799934
0.127594143
-0.0726732
0.008982838
-0.00613930169
0.0573835634
0.128349021
0.123955213
-0.0174971428
0.10513293
0.008635764
0.10240785
-0.0185881872
-0.014916488
0.00505369157
0.020783145
0.0380547568
0.142646432
0.0277587436
0.149963245
0.0200008843
0.0614349172
-0.0133751081
0.124624059
-0.0545576625
0.0609206632
-0.0451150946
0.0982444957
0.020969402
0.042583175
0.0162312482
0.052446913
0.0416618548
0.108891316
0.007018099
0.0439598821
0.002744911
0.0574486554
0.07151778
0.10641861
0.118742116
0.137295023
0.058840856
0.140443757
0.03753707
0.19164905
-0.0233830754
0.154963672
0.0203710012
0.130598009
0.034795437
0.0305366162
-0.0413902551
0.0591350645
0.0434273444
0.0482160039
0.0225542262
0.0556620434
-0.0440920368
0.0997262448
-0.01839963
0.07471147
-0.0232648719
0.09276908
-0.00105489464
0.12427
-0.0167395175
0.02261673
-0.04301746
0.07985864
-0.04980729
0.09102806
-0.051532127
0.148072451
-0.01040445
0.1550071
-0.0117105637
0.05627469
-0.0846361741
0.0684428662
0.00270271767
0.08524819
-0.03446851
-0.00512858341
-0.0515934043
0.06560075
-0.0376391225
0.0299975555
0.00487282872
0.142719939
-0.000111843117
0.153042272
-0.133779556
0.174569324
0.00776096759
0.131307691
-0.0139307315
0.05116227
-0.0280343015
0.137504682
0.024970118
0.130838066
-0.08023636
0.171709612
-0.0495423377
0.167056814
-0.0598321259
0.155020669
-0.07445112
0.147163123
-0.07751726
0.124518543
-0.101706892
0.0830313861
-0.00313154352
0.09075604
-0.0351739153
0.03203484
-0.04535735
0.167617768
-0.09428497
0.00888535
-0.0541976355
0.139620885
-0.07410961
0.125982985
-0.128783315
0.0378330462
-0.007886517
0.0465247743
-0.207330972
0.146675214
-0.1130191
0.0527130067
-0.1388295
-0.03997229
-0.042343244
0.07498176
-0.0593303442
0.0779101551
-0.0730310753
0.0196892768
-0.132417634
0.0372707658
-0.130971849
0.0811012462
-0.08198167
0.0575709678
-0.17045629
0.00988498
-0.108331025
0.0249798652
-0.09514109
0.0450336933
-0.08959479
-0.09499997
-0.157941386
0.0496956334
-0.0567417331
-0.0123215532
-0.0857643262
0.03467586
-0.113070458
0.02708647
-0.0818937346
0.0269940775
-0.03238521
0.0169142
-0.04197791
0.110763
-0.07046985
0.0463725775
-0.111186758
-0.0284789614
-0.10016536
-0.0468527377
-0.06238569
-0.009798217
-0.0149967773
-0.04459447
-0.031791877
-0.0808654
-0.0502678156
0.111865826
-0.0433055572
-0.0211988352
-0.01831162
0.019575702
-0.05484575
0.02650153
-0.06913809
0.043945916
0.0202587564
0.0260735955
-0.0298240818
0.0955924243
-0.00431501353
-0.01070518
0.02668172
0.0292772483
0.02604453
0.0379048772
0.0155396862
0.0417736322
-0.0335990228
0.07065834
0.0340687521
0.0344659723
-0.063952
0.054472208
0.03662363
0.05012611
0.0624766871
0.04612403
-0.0106522348
0.0914286
-0.0301242769
0.06470922
0.08284836
0.152630076
0.09376513
0.06651479
0.05689135
0.00714554964
0.0362594053
0.04498988
-0.0370445028
0.0133036654
-0.00391021464
-0.0482657366
-0.0492223166
-0.022629356
-0.03372558
0.04417627
-0.00186270825
0.0776105449
-0.007961502
0.0564973243
-0.000493888452
0.03899812
-0.0616509467
0.07443891
-0.0104118278
-0.00377232884
0.027977461
-0.0150778526
-0.0228005089
-0.005615902
0.04787081
0.0439423062
-0.0369355343
0.0004690009
0.012693258
-0.022074813
-0.00670406967
0.0487877838
0.0200753473
0.0300625078
0.0467401557
0.00711721228
-0.0279491767
0.03064698
-0.0420550629
0.0410574451
0.0466720648
0.0226616561
-0.05366303
0.009502012
0.03565069
-0.0266698338
0.106772847
0.0572972037
0.00317902234
0.00341049978
0.0184320267
0.101961367
0.00636669155
0.0463420935
-0.0006552113
0.07111105
0.0176405571
-0.00194357685
0.00139786291
-0.0342361741
-0.0309408
0.08988145
0.01038281
0.0113947745
0.0551962219
-0.0251562763
0.0307833143
0.0107624829
0.106111109
-2.355296E-05
-0.0302526169
-0.04474208
0.08998571
0.0244956128
-0.0367337465
0.0563946962
0.07944011
0.02914623
0.008462422
0.0113934223
0.00206405669
0.0677889
0.0558014028
-0.0427743644
0.00458684051
0.04097019
0.06648382
0.05960326
0.08098876
-0.0511233062
0.0258313622
0.102841638
0.0184094273
0.113890968
0.0531349033
-0.03636316
0.0499743856
0.0112914778
0.0175044071
0.0583128743
-0.02856176
-0.000134685237
-0.0310448576
0.009172001
0.07293362
-0.0190078337
-0.0687233359
0.06205628
-0.0714599341
0.0194450282
0.0406905748
